ELASTIC
Ar
 1.371000e-5
SPECIES: e / Ar
PROCESS: Ar -> Ar, Elastic
PARAM.:  m/M = 1.371000e-5
COMMENT: Approximate literature-based data for verification only.
COLUMNS: Energy (eV) | Cross section (m2)
----------------------------------------
1.000000e-03 7.500000e-20
1.500000e-03 7.000000e-20
2.000000e-03 6.500000e-20
3.000000e-03 5.500000e-20
5.000000e-03 4.200000e-20
7.000000e-03 3.200000e-20
1.000000e-02 2.300000e-20
1.500000e-02 1.500000e-20
2.000000e-02 1.000000e-20
3.000000e-02 5.500000e-21
5.000000e-02 2.200000e-21
7.000000e-02 1.400000e-21
1.000000e-01 1.050000e-21
1.500000e-01 1.000000e-21
2.000000e-01 1.000000e-21
2.300000e-01 1.000000e-21
3.000000e-01 1.300000e-21
4.000000e-01 2.200000e-21
5.000000e-01 3.800000e-21
7.000000e-01 7.500000e-21
1.000000e+00 1.600000e-20
1.500000e+00 3.300000e-20
2.000000e+00 5.200000e-20
3.000000e+00 8.200000e-20
4.000000e+00 1.020000e-19
5.000000e+00 1.180000e-19
6.000000e+00 1.300000e-19
7.000000e+00 1.380000e-19
8.000000e+00 1.440000e-19
9.000000e+00 1.480000e-19
1.000000e+01 1.500000e-19
1.100000e+01 1.500000e-19
1.200000e+01 1.480000e-19
1.300000e+01 1.450000e-19
1.500000e+01 1.350000e-19
1.700000e+01 1.220000e-19
2.000000e+01 1.050000e-19
2.500000e+01 9.000000e-20
3.000000e+01 8.000000e-20
4.000000e+01 6.200000e-20
5.000000e+01 5.000000e-20
7.000000e+01 3.800000e-20
1.000000e+02 3.000000e-20
1.500000e+02 2.200000e-20
2.000000e+02 1.800000e-20
3.000000e+02 1.400000e-20
5.000000e+02 1.150000e-20
7.000000e+02 1.050000e-20
1.000000e+03 1.000000e-20
----------------------------------------

EXCITATION
Ar
 1.155000e+1
SPECIES: e / Ar
PROCESS: Ar -> Ar*(11.55eV), Excitation
PARAM.:  E = 11.55 eV
COLUMNS: Energy (eV) | Cross section (m2)
----------------------------------------
1.155000e+01 0.000000e+00
1.160000e+01 1.000000e-23
1.170000e+01 5.000000e-23
1.180000e+01 1.200000e-22
1.200000e+01 3.000000e-22
1.220000e+01 5.000000e-22
1.250000e+01 8.000000e-22
1.300000e+01 1.300000e-21
1.350000e+01 1.700000e-21
1.400000e+01 2.000000e-21
1.450000e+01 2.300000e-21
1.500000e+01 2.500000e-21
1.600000e+01 2.800000e-21
1.700000e+01 2.950000e-21
1.800000e+01 3.000000e-21
1.900000e+01 3.000000e-21
2.000000e+01 3.000000e-21
2.200000e+01 2.850000e-21
2.500000e+01 2.600000e-21
2.800000e+01 2.400000e-21
3.000000e+01 2.200000e-21
3.500000e+01 1.900000e-21
4.000000e+01 1.700000e-21
4.500000e+01 1.500000e-21
5.000000e+01 1.350000e-21
6.000000e+01 1.150000e-21
7.000000e+01 1.050000e-21
8.000000e+01 1.000000e-21
9.000000e+01 1.000000e-21
1.000000e+02 1.000000e-21
1.500000e+02 7.000000e-22
2.000000e+02 5.000000e-22
3.000000e+02 3.000000e-22
5.000000e+02 1.500000e-22
7.000000e+02 9.000000e-23
1.000000e+03 5.000000e-23
----------------------------------------

EXCITATION
Ar
 1.290000e+1
SPECIES: e / Ar
PROCESS: Ar -> Ar*(12.90eV), Excitation
PARAM.:  E = 12.90 eV
COLUMNS: Energy (eV) | Cross section (m2)
----------------------------------------
1.290000e+01 0.000000e+00
1.300000e+01 3.000000e-23
1.320000e+01 1.000000e-22
1.350000e+01 2.500000e-22
1.400000e+01 5.000000e-22
1.450000e+01 8.000000e-22
1.500000e+01 1.050000e-21
1.600000e+01 1.400000e-21
1.700000e+01 1.600000e-21
1.800000e+01 1.750000e-21
1.900000e+01 1.850000e-21
2.000000e+01 1.950000e-21
2.200000e+01 2.000000e-21
2.500000e+01 2.000000e-21
2.800000e+01 1.950000e-21
3.000000e+01 1.900000e-21
3.500000e+01 1.750000e-21
4.000000e+01 1.600000e-21
4.500000e+01 1.450000e-21
5.000000e+01 1.300000e-21
6.000000e+01 1.050000e-21
7.000000e+01 9.000000e-22
8.000000e+01 8.000000e-22
9.000000e+01 7.000000e-22
1.000000e+02 6.500000e-22
1.500000e+02 4.500000e-22
2.000000e+02 3.500000e-22
3.000000e+02 2.200000e-22
5.000000e+02 1.200000e-22
7.000000e+02 7.000000e-23
1.000000e+03 4.000000e-23
----------------------------------------

IONIZATION
Ar
 1.576000e+1
SPECIES: e / Ar
PROCESS: Ar -> Ar^+, Ionization
PARAM.:  E = 15.76 eV
COLUMNS: Energy (eV) | Cross section (m2)
----------------------------------------
1.576000e+01 0.000000e+00
1.600000e+01 2.000000e-23
1.650000e+01 8.000000e-23
1.700000e+01 1.800000e-22
1.750000e+01 3.000000e-22
1.800000e+01 4.500000e-22
1.900000e+01 7.000000e-22
2.000000e+01 1.000000e-21
2.200000e+01 1.800000e-21
2.500000e+01 3.200000e-21
2.800000e+01 5.000000e-21
3.000000e+01 6.500000e-21
3.300000e+01 8.500000e-21
3.500000e+01 1.000000e-20
4.000000e+01 1.400000e-20
4.500000e+01 1.700000e-20
5.000000e+01 2.000000e-20
6.000000e+01 2.350000e-20
7.000000e+01 2.600000e-20
8.000000e+01 2.750000e-20
9.000000e+01 2.800000e-20
1.000000e+02 2.800000e-20
1.100000e+02 2.780000e-20
1.200000e+02 2.720000e-20
1.500000e+02 2.500000e-20
2.000000e+02 2.150000e-20
2.500000e+02 1.900000e-20
3.000000e+02 1.750000e-20
4.000000e+02 1.600000e-20
5.000000e+02 1.500000e-20
7.000000e+02 1.350000e-20
1.000000e+03 1.200000e-20
----------------------------------------
